+48 76 8702021
+48326430883
+48797024243
+48 12 6367365
+48 12 3882766
+48413521110
+48 12 654 39 91
+48338703113
+48123727000
+48 12 2692252
12 6386917
12 6586660
+48 12 680 12 50
+48 12 658 55 99
+48 12 415 20 64
+48126474898
+48126498705
+1-800-1214455
+48126588634
+48 530 026 576
+48500635344
+48 606 400 255
+48 724222000
+48126553910
+48126551785
+48 12 641 64 98
+48 22 230 70 07
+48 22 230 70 07
+48326115638
+48 32 647 29 76
+48326472976
+ 48 501 864 575
+48 71 3186225
+48 77 4126984
+48 32 293 10 56
+48326434465
+48 12 650 02 55
+48 12 4306144
+48 12 42113580
+48 12 266 16 71
+48 12 2665320
+48 12 4210808
+48-12-2691745
+48 12 2672113
+48 12 6450207
+48 33 8232771
+48 518 014067
+48 518 014068
+48 518 014069
+48 518 014070
+48 518 014071
+48 518 014073
+48 518 014074
+48326411244
8126366338
+48 735 009 424
+48 669 441202
+48 500 192 004
+48583455767
+48 12 2632244
+48 536 319825
+48-531-976362
+48124227947
+48 41 352 90 68
+48501397259
+48326431059
+48326413014
+48 12 2601100
+48 327535220
+48 32 7533716
+48 509 480 723
+48 517 512 590
+48 326115035
+48 12 3415979
+48 12 2710596
+48 12 2710613
+48587733375
+48 59 866 14 35
+48 59 866 13 80
+48 598662218
+48 59 866 23 33
+48-59-866-19-72
+48-59-866-28-11
+48 59 866 24 72
+48 59 866 50 16
+48 58 684 25 35
+49 580 77414 10
+48 58 674 90 95
+48 606 397 435
+48 501 315 572
+48 58 774 86 66
+48 58 674 14 86
+48 58 674 12 31
+48 58 675 20 84
+48 601383649
+48530454477
+485862 47733
+48 505 090 913
+48695155575
+48 58 3091323
+48 58 3091323
+48 58 3091323
+485866 09200
+48583060930
+48 722239569
+48 722239569
+48 58 3091323
+48503714073
+4858302 1400
+4858302 5091
+48 24 25 60005
+48583027923
+48 58 7192602
+48587607500
+48 58 7711122
+48 58 5805023
+48587741811
+48797601815
+48800 0800101
+48585233001
+48585 232899
+48585235010
+48 57 215 78 57
+48 58 6217541
+48607590242
586204165
+48586810434
+48583041208
+48587284640
+48586762484
+48585571205
+48583019328
+48583200510
+48585523636
+48660033457
+48660033457
+48 58 557 75 06
+48513820624
+48533999222
+48583460128
+48 58 6695502
+48888098262
+48799068170
+48533299346
+48587770000
+48787832379
+48606230618
+48583495383
+48693954733
+48587601610
+48583012702
+48 530 200543
+48583043256
583406100
+48583223478
+48 22 230 70 07
+48514461098
+48583457681
+48586791545
+48 76 8703014
+48 76 8565842
+48 76 8506584
+48768448656
76 854 8544
+48728351012
+48 76 723 34 00
+48 76 8563351
+48695995363
+48583075912
+48 58 6735761
+48587361821
+48586706644
+48 669 662122
+48 76 7211000
+48 74 8560601
+48728315701
+48 76 8702021
+48 884 676151
+48768663060
76 7468786
76 8512909
76 8575476
76 8767600
76 8507001
76 7212970
768582837
76 7212970
76 7212970
+48698695443
+48602590049
+48602296766
+48768522821
+48608583610
+48 76 7223400
+48 768718390
+48 76 7475924
+48 76 8738645
+48 605 365 101
+48 74 640 09 46
+48718890811
+48573206243
telefon: +48 76 8433300
praca: +48 76 8415124
komĂłrka: +48 600 758556 alternatywny
dodatkowy +48 76 7468396 w godzinach 9-15