8698  50417 8663  8925850
184121  6738 3061964661
834949    90118601844747
94698798901313891312
73429705669434174176
5002673207     4674075008
35510730759801898161
6675    2142449243560453
4728022 4360			371709876
54120976718896919925
5923952 5553005964762
120 						91772183648440963
60143367019749555068
54990 3651      15824852525
77971908307010174484
49257  312857711877788
11918168 29836 4977193
54488  172 43048  86 4980
24916147988873198984
17325 3   813 692 11055221
935997299915468    57763
78937  878997090207647
4900 4    295512236	310405
8457 5835    728062552443
655453  3363 0707 469101
8

